Subset 1	96	420.000	0.159
Subset 1	97	421.000	0.161
Subset 1	98	422.000	0.161
Subset 1	99	423.000	0.159
Subset 1	100	424.000	0.160
Subset 1	101	425.000	0.164
Subset 1	102	426.000	0.162
Subset 1	103	427.000	0.158
Subset 1	104	428.000	0.158
Subset 1	105	429.000	0.160
Subset 1	106	430.000	0.162
Subset 1	107	431.000	0.161
Subset 1	108	432.000	0.161
Subset 1	109	433.000	0.164
Subset 1	110	434.000	0.164
Subset 1	111	435.000	0.162
Subset 1	112	436.000	0.164
Subset 1	113	437.000	0.165
Subset 1	114	438.000	0.165
Subset 1	115	439.000	0.164
Subset 1	116	440.000	0.164
Subset 1	117	441.000	0.165
Subset 1	118	442.000	0.165
Subset 1	119	443.000	0.165
Subset 1	120	444.000	0.165
Subset 1	121	445.000	0.165
Subset 1	122	446.000	0.166
Subset 1	123	447.000	0.166
Subset 1	124	448.000	0.167
Subset 1	125	449.000	0.169
Subset 1	126	450.000	0.169
Subset 1	127	451.000	0.169
Subset 1	128	452.000	0.171
Subset 1	129	453.000	0.170
Subset 1	130	454.000	0.169
Subset 1	131	455.000	0.169
Subset 1	132	456.000	0.170
Subset 1	133	457.000	0.172
Subset 1	134	458.000	0.171
Subset 1	135	459.000	0.171
Subset 1	136	460.000	0.172
Subset 1	137	461.000	0.173
Subset 1	138	462.000	0.173
Subset 1	139	463.000	0.173
Subset 1	140	464.000	0.173
Subset 1	141	465.000	0.173
Subset 1	142	466.000	0.173
Subset 1	143	467.000	0.172
Subset 1	144	468.000	0.173
Subset 1	145	469.000	0.173
Subset 1	146	470.000	0.173
Subset 1	147	471.000	0.173
Subset 1	148	472.000	0.173
Subset 1	149	473.000	0.173
Subset 1	150	474.000	0.173
Subset 1	151	475.000	0.173
Subset 1	152	476.000	0.174
Subset 1	153	477.000	0.174
Subset 1	154	478.000	0.174
Subset 1	155	479.000	0.175
Subset 1	156	480.000	0.176
Subset 1	157	481.000	0.175
Subset 1	158	482.000	0.174
Subset 1	159	483.000	0.174
Subset 1	160	484.000	0.175
Subset 1	161	485.000	0.176
Subset 1	162	486.000	0.177
Subset 1	163	487.000	0.177
Subset 1	164	488.000	0.178
Subset 1	165	489.000	0.178
Subset 1	166	490.000	0.179
Subset 1	167	491.000	0.179
Subset 1	168	492.000	0.181
Subset 1	169	493.000	0.184
Subset 1	170	494.000	0.186
Subset 1	171	495.000	0.187
Subset 1	172	496.000	0.188
Subset 1	173	497.000	0.190
Subset 1	174	498.000	0.191
Subset 1	175	499.000	0.193
Subset 1	176	500.000	0.195
Subset 1	177	501.000	0.197
Subset 1	178	502.000	0.199
Subset 1	179	503.000	0.203
Subset 1	180	504.000	0.206
Subset 1	181	505.000	0.209
Subset 1	182	506.000	0.212
Subset 1	183	507.000	0.217
Subset 1	184	508.000	0.221
Subset 1	185	509.000	0.224
Subset 1	186	510.000	0.228
Subset 1	187	511.000	0.233
Subset 1	188	512.000	0.238
Subset 1	189	513.000	0.243
Subset 1	190	514.000	0.250
Subset 1	191	515.000	0.256
Subset 1	192	516.000	0.260
Subset 1	193	517.000	0.264
Subset 1	194	518.000	0.270
Subset 1	195	519.000	0.277
Subset 1	196	520.000	0.283
Subset 1	197	521.000	0.288
Subset 1	198	522.000	0.293
Subset 1	199	523.000	0.299
Subset 1	200	524.000	0.305
Subset 1	201	525.000	0.310
Subset 1	202	526.000	0.314
Subset 1	203	527.000	0.318
Subset 1	204	528.000	0.323
Subset 1	205	529.000	0.328
Subset 1	206	530.000	0.332
Subset 1	207	531.000	0.336
Subset 1	208	532.000	0.339
Subset 1	209	533.000	0.340
Subset 1	210	534.000	0.342
Subset 1	211	535.000	0.345
Subset 1	212	536.000	0.348
Subset 1	213	537.000	0.350
Subset 1	214	538.000	0.352
Subset 1	215	539.000	0.353
Subset 1	216	540.000	0.354
Subset 1	217	541.000	0.357
Subset 1	218	542.000	0.358
Subset 1	219	543.000	0.359
Subset 1	220	544.000	0.360
Subset 1	221	545.000	0.361
Subset 1	222	546.000	0.362
Subset 1	223	547.000	0.363
Subset 1	224	548.000	0.364
Subset 1	225	549.000	0.365
Subset 1	226	550.000	0.365
Subset 1	227	551.000	0.365
Subset 1	228	552.000	0.365
Subset 1	229	553.000	0.365
Subset 1	230	554.000	0.365
Subset 1	231	555.000	0.364
Subset 1	232	556.000	0.363
Subset 1	233	557.000	0.362
Subset 1	234	558.000	0.361
Subset 1	235	559.000	0.359
Subset 1	236	560.000	0.357
Subset 1	237	561.000	0.355
Subset 1	238	562.000	0.353
Subset 1	239	563.000	0.350
Subset 1	240	564.000	0.348
Subset 1	241	565.000	0.345
Subset 1	242	566.000	0.341
Subset 1	243	567.000	0.337
Subset 1	244	568.000	0.334
Subset 1	245	569.000	0.331
Subset 1	246	570.000	0.328
Subset 1	247	571.000	0.324
Subset 1	248	572.000	0.321
Subset 1	249	573.000	0.317
Subset 1	250	574.000	0.314
Subset 1	251	575.000	0.311
Subset 1	252	576.000	0.307
Subset 1	253	577.000	0.305
Subset 1	254	578.000	0.303
Subset 1	255	579.000	0.300
Subset 1	256	580.000	0.297
Subset 1	257	581.000	0.294
Subset 1	258	582.000	0.292
Subset 1	259	583.000	0.289
Subset 1	260	584.000	0.287
Subset 1	261	585.000	0.285
Subset 1	262	586.000	0.284
Subset 1	263	587.000	0.283
Subset 1	264	588.000	0.282
Subset 1	265	589.000	0.280
Subset 1	266	590.000	0.279
Subset 1	267	591.000	0.278
Subset 1	268	592.000	0.277
Subset 1	269	593.000	0.275
Subset 1	270	594.000	0.274
Subset 1	271	595.000	0.274
Subset 1	272	596.000	0.274
Subset 1	273	597.000	0.273
Subset 1	274	598.000	0.272
Subset 1	275	599.000	0.272
Subset 1	276	600.000	0.272
Subset 1	277	601.000	0.271
Subset 1	278	602.000	0.270
Subset 1	279	603.000	0.268
Subset 1	280	604.000	0.266
Subset 1	281	605.000	0.264
Subset 1	282	606.000	0.262
Subset 1	283	607.000	0.261
Subset 1	284	608.000	0.260
Subset 1	285	609.000	0.258
Subset 1	286	610.000	0.256
Subset 1	287	611.000	0.254
Subset 1	288	612.000	0.253
Subset 1	289	613.000	0.251
Subset 1	290	614.000	0.249
Subset 1	291	615.000	0.246
Subset 1	292	616.000	0.245
Subset 1	293	617.000	0.243
Subset 1	294	618.000	0.242
Subset 1	295	619.000	0.240
Subset 1	296	620.000	0.239
Subset 1	297	621.000	0.239
Subset 1	298	622.000	0.238
Subset 1	299	623.000	0.236
Subset 1	300	624.000	0.235
Subset 1	301	625.000	0.235
Subset 1	302	626.000	0.235
Subset 1	303	627.000	0.235
Subset 1	304	628.000	0.234
Subset 1	305	629.000	0.234
Subset 1	306	630.000	0.234
Subset 1	307	631.000	0.234
Subset 1	308	632.000	0.234
Subset 1	309	633.000	0.232
Subset 1	310	634.000	0.231
Subset 1	311	635.000	0.230
Subset 1	312	636.000	0.228
Subset 1	313	637.000	0.225
Subset 1	314	638.000	0.224
Subset 1	315	639.000	0.222
Subset 1	316	640.000	0.219
Subset 1	317	641.000	0.217
Subset 1	318	642.000	0.215
Subset 1	319	643.000	0.214
Subset 1	320	644.000	0.212
Subset 1	321	645.000	0.209
Subset 1	322	646.000	0.206
Subset 1	323	647.000	0.204
Subset 1	324	648.000	0.203
Subset 1	325	649.000	0.201
Subset 1	326	650.000	0.199
Subset 1	327	651.000	0.198
Subset 1	328	652.000	0.197
Subset 1	329	653.000	0.196
Subset 1	330	654.000	0.194
Subset 1	331	655.000	0.194
Subset 1	332	656.000	0.193
Subset 1	333	657.000	0.191
Subset 1	334	658.000	0.189
Subset 1	335	659.000	0.187
Subset 1	336	660.000	0.185
Subset 1	337	661.000	0.183
Subset 1	338	662.000	0.181
Subset 1	339	663.000	0.179
Subset 1	340	664.000	0.178
Subset 1	341	665.000	0.177
Subset 1	342	666.000	0.175
Subset 1	343	667.000	0.173
Subset 1	344	668.000	0.173
Subset 1	345	669.000	0.172
Subset 1	346	670.000	0.170
Subset 1	347	671.000	0.170
Subset 1	348	672.000	0.171
Subset 1	349	673.000	0.171
Subset 1	350	674.000	0.171
Subset 1	351	675.000	0.171
Subset 1	352	676.000	0.172
Subset 1	353	677.000	0.173
Subset 1	354	678.000	0.173
Subset 1	355	679.000	0.175
Subset 1	356	680.000	0.177
Subset 1	357	681.000	0.178
Subset 1	358	682.000	0.180
Subset 1	359	683.000	0.183
Subset 1	360	684.000	0.186
Subset 1	361	685.000	0.190
Subset 1	362	686.000	0.195
Subset 1	363	687.000	0.202
Subset 1	364	688.000	0.209
Subset 1	365	689.000	0.217
Subset 1	366	690.000	0.226
Subset 1	367	691.000	0.236
Subset 1	368	692.000	0.248
Subset 1	369	693.000	0.262
Subset 1	370	694.000	0.275
Subset 1	371	695.000	0.289
Subset 1	372	696.000	0.304
Subset 1	373	697.000	0.321
Subset 1	374	698.000	0.338
Subset 1	375	699.000	0.355
Subset 1	376	700.000	0.372
Subset 1	377	701.000	0.389
Subset 1	378	702.000	0.407
Subset 1	379	703.000	0.424
Subset 1	380	704.000	0.442
Subset 1	381	705.000	0.460
Subset 1	382	706.000	0.477
Subset 1	383	707.000	0.493
Subset 1	384	708.000	0.510
Subset 1	385	709.000	0.527
Subset 1	386	710.000	0.544
Subset 1	387	711.000	0.562
Subset 1	388	712.000	0.580
Subset 1	389	713.000	0.597
Subset 1	390	714.000	0.614
Subset 1	391	715.000	0.632
Subset 1	392	716.000	0.649
Subset 1	393	717.000	0.666
Subset 1	394	718.000	0.683
Subset 1	395	719.000	0.700
Subset 1	396	720.000	0.716
Subset 1	397	721.000	0.732
Subset 1	398	722.000	0.749
Subset 1	399	723.000	0.766
Subset 1	400	724.000	0.781
Subset 1	401	725.000	0.796
Subset 1	402	726.000	0.811
Subset 1	403	727.000	0.825
Subset 1	404	728.000	0.838
Subset 1	405	729.000	0.852
Subset 1	406	730.000	0.864
Subset 1	407	731.000	0.876
Subset 1	408	732.000	0.888
Subset 1	409	733.000	0.899
Subset 1	410	734.000	0.910
Subset 1	411	735.000	0.920
Subset 1	412	736.000	0.928
Subset 1	413	737.000	0.936
Subset 1	414	738.000	0.945
Subset 1	415	739.000	0.953
Subset 1	416	740.000	0.961
Subset 1	417	741.000	0.966
Subset 1	418	742.000	0.971
Subset 1	419	743.000	0.977
Subset 1	420	744.000	0.982
Subset 1	421	745.000	0.988
Subset 1	422	746.000	0.993
Subset 1	423	747.000	0.996
Subset 1	424	748.000	0.999
Subset 1	425	749.000	1.002
Subset 1	426	750.000	1.006
Subset 1	427	751.000	1.008
Subset 1	428	752.000	1.010
Subset 1	429	753.000	1.013
Subset 1	430	754.000	1.016
Subset 1	431	755.000	1.018
Subset 1	432	756.000	1.019
Subset 1	433	757.000	1.021
Subset 1	434	758.000	1.022
Subset 1	435	759.000	1.023
Subset 1	436	760.000	1.024
Subset 1	437	761.000	1.025
Subset 1	438	762.000	1.027
Subset 1	439	763.000	1.028
Subset 1	440	764.000	1.027
Subset 1	441	765.000	1.028
Subset 1	442	766.000	1.029
Subset 1	443	767.000	1.030
Subset 1	444	768.000	1.031
Subset 1	445	769.000	1.032
Subset 1	446	770.000	1.032
Subset 1	447	771.000	1.032
Subset 1	448	772.000	1.033
Subset 1	449	773.000	1.033
Subset 1	450	774.000	1.034
Subset 1	451	775.000	1.034
Subset 1	452	776.000	1.035
Subset 1	453	777.000	1.035
Subset 1	454	778.000	1.035
Subset 1	455	779.000	1.035
Subset 1	456	780.000	1.036
Subset 1	457	781.000	1.037
Subset 1	458	782.000	1.038
Subset 1	459	783.000	1.039
Subset 1	460	784.000	1.039
Subset 1	461	785.000	1.038
Subset 1	462	786.000	1.038
Subset 1	463	787.000	1.039
Subset 1	464	788.000	1.040
Subset 1	465	789.000	1.040
Subset 1	466	790.000	1.041
Subset 1	467	791.000	1.041
Subset 1	468	792.000	1.042
Subset 1	469	793.000	1.042
Subset 1	470	794.000	1.042
Subset 1	471	795.000	1.042
Subset 1	472	796.000	1.042
Subset 1	473	797.000	1.043
Subset 1	474	798.000	1.044
Subset 1	475	799.000	1.043
Subset 1	476	800.000	1.043
Subset 1	477	801.000	1.043
Subset 1	478	802.000	1.043
Subset 1	479	803.000	1.044
Subset 1	480	804.000	1.047
Subset 1	481	805.000	1.047
Subset 1	482	806.000	1.047
Subset 1	483	807.000	1.047
Subset 1	484	808.000	1.046
Subset 1	485	809.000	1.045
Subset 1	486	810.000	1.046
Subset 1	487	811.000	1.046
Subset 1	488	812.000	1.045
Subset 1	489	813.000	1.045
Subset 1	490	814.000	1.045
Subset 1	491	815.000	1.045
Subset 1	492	816.000	1.046
Subset 1	493	817.000	1.047
Subset 1	494	818.000	1.046
Subset 1	495	819.000	1.046
Subset 1	496	820.000	1.046
Subset 1	497	821.000	1.047
Subset 1	498	822.000	1.047
Subset 1	499	823.000	1.048
Subset 1	500	824.000	1.047
Subset 1	501	825.000	1.046
Subset 1	502	826.000	1.046
Subset 1	503	827.000	1.045
Subset 1	504	828.000	1.045
Subset 1	505	829.000	1.044
Subset 1	506	830.000	1.045
Subset 1	507	831.000	1.045
Subset 1	508	832.000	1.044
Subset 1	509	833.000	1.043
Subset 1	510	834.000	1.044
Subset 1	511	835.000	1.043
Subset 1	512	836.000	1.042
Subset 1	513	837.000	1.042
Subset 1	514	838.000	1.043
Subset 1	515	839.000	1.044
Subset 1	516	840.000	1.044
Subset 1	517	841.000	1.043
Subset 1	518	842.000	1.044
Subset 1	519	843.000	1.043
Subset 1	520	844.000	1.042
Subset 1	521	845.000	1.044
Subset 1	522	846.000	1.045
Subset 1	523	847.000	1.045
Subset 1	524	848.000	1.044
Subset 1	525	849.000	1.045
Subset 1	526	850.000	1.047
Subset 1	527	851.000	1.045
Subset 1	528	852.000	1.043
Subset 1	529	853.000	1.044
Subset 1	530	854.000	1.045
Subset 1	531	855.000	1.045
Subset 1	532	856.000	1.044
Subset 1	533	857.000	1.044
Subset 1	534	858.000	1.044
Subset 1	535	859.000	1.043
Subset 1	536	860.000	1.043
Subset 1	537	861.000	1.044
Subset 1	538	862.000	1.046
Subset 1	539	863.000	1.047
Subset 1	540	864.000	1.045
Subset 1	541	865.000	1.045
Subset 1	542	866.000	1.046
Subset 1	543	867.000	1.044
Subset 1	544	868.000	1.043
Subset 1	545	869.000	1.044
Subset 1	546	870.000	1.046
Subset 1	547	871.000	1.048
Subset 1	548	872.000	1.046
Subset 1	549	873.000	1.043
Subset 1	550	874.000	1.042
Subset 1	551	875.000	1.043
Subset 1	552	876.000	1.045
Subset 1	553	877.000	1.044
Subset 1	554	878.000	1.047
Subset 1	555	879.000	1.049
Subset 1	556	880.000	1.046
Subset 1	557	881.000	1.042
Subset 1	558	882.000	1.041
Subset 1	559	883.000	1.042
Subset 1	560	884.000	1.044
Subset 1	561	885.000	1.047
Subset 1	562	886.000	1.047
Subset 1	563	887.000	1.044
Subset 1	564	888.000	1.040
Subset 1	565	889.000	1.041
Subset 1	566	890.000	1.046
Subset 1	567	891.000	1.045
Subset 1	568	892.000	1.045
Subset 1	569	893.000	1.047
Subset 1	570	894.000	1.043
Subset 1	571	895.000	1.042
Subset 1	572	896.000	1.047
Subset 1	573	897.000	1.046
Subset 1	574	898.000	1.043
Subset 1	575	899.000	1.042
Subset 1	576	900.000	1.043
